time , queue density , dynamic density
1,0.0424906,0.998759
6,0.0488844,0.0925125
11,0.063,0.137531
16,0.0668281,0.09585
21,0.0687625,0.107444
26,0.07345,0.0914937
31,0.0766094,0.0854313
36,0.0768656,0.0855375
41,0.0761156,0.0848406
46,0.0744875,0.0947687
51,0.0753937,0.0760062
56,0.0872813,0.0830281
61,0.0945219,0.0894625
66,0.092925,0.0817344
71,0.0865563,0.0800375
76,0.0838469,0.0530969
81,0.0850812,0.0447219
86,0.0956906,0.0644813
91,0.1101,0.105884
96,0.110516,0.151031
101,0.115619,0.138784
106,0.114231,0.126891
111,0.118253,0.122409
116,0.129919,0.130028
121,0.131847,0.137141
126,0.135103,0.129794
131,0.135806,0.130397
136,0.136756,0.124556
141,0.135769,0.113769
146,0.135881,0.114241
151,0.13585,0.0954344
156,0.133441,0.0816531
161,0.131263,0.0728656
166,0.129306,0.0617687
171,0.123037,0.0669719
176,0.121703,0.0540938
181,0.121213,0.0457469
186,0.120931,0.0422
191,0.120531,0.0341719
196,0.118909,0.0355156
201,0.120147,0.0203625
206,0.120938,0.0134813
211,0.122253,0.0117562
216,0.121369,0.0115063
221,0.119106,0.0247219
226,0.118922,0.011275
231,0.1196,0.00918125
236,0.121716,0.00923125
241,0.119322,0.00770938
246,0.116103,0.0185312
251,0.117419,0.0102688
256,0.117794,0.00682187
261,0.118303,0.00679375
266,0.117688,0.00708125
271,0.116878,0.0123812
276,0.117544,0.00770938
281,0.12995,0.0211812
286,0.138922,0.0395937
291,0.139356,0.0480563
296,0.135434,0.0512094
301,0.130619,0.0432844
306,0.125281,0.0391906
311,0.123984,0.0350281
316,0.124753,0.0265875
321,0.117731,0.0299156
326,0.116231,0.0197063
331,0.116766,0.0138969
336,0.116753,0.00794062
341,0.118313,0.00779062
346,0.119847,0.0247406
351,0.119697,0.0264937
356,0.119391,0.0249906
361,0.119612,0.022925
366,0.120087,0.0244406
371,0.119106,0.0284156
376,0.120247,0.0240344
381,0.1202,0.0211125
386,0.124262,0.026725
391,0.126691,0.0384781
396,0.130122,0.0526875
401,0.133122,0.0540313
406,0.143753,0.0667219
411,0.161991,0.0927937
416,0.181962,0.122209
421,0.186678,0.163894
426,0.205694,0.169
431,0.225522,0.178338
436,0.2337,0.183287
441,0.234981,0.178881
446,0.226075,0.201322
451,0.232669,0.182009
456,0.237603,0.161206
461,0.240509,0.159188
466,0.244309,0.145741
471,0.243684,0.141853
476,0.246194,0.121816
481,0.250119,0.101691
486,0.252584,0.0947656
491,0.254894,0.0877125
496,0.253994,0.0852
501,0.259316,0.0719625
506,0.273647,0.0744906
511,0.285697,0.0698531
516,0.292938,0.0835844
521,0.307381,0.126963
526,0.320931,0.110056
531,0.3249,0.107966
536,0.326578,0.0899156
541,0.328813,0.0816812
546,0.326069,0.104094
551,0.32475,0.0835687
556,0.323206,0.0640219
561,0.319809,0.0598187
566,0.316734,0.0925969
571,0.315181,0.107037
576,0.323875,0.0877375
581,0.333587,0.0605906
586,0.340322,0.0494938
591,0.348112,0.0453187
596,0.351597,0.0860094
601,0.36195,0.0648688
606,0.36965,0.0534156
611,0.380625,0.0598313
616,0.389663,0.0606
621,0.398016,0.0894781
626,0.405781,0.0678531
631,0.413994,0.0513094
636,0.418888,0.050275
641,0.421616,0.0477406
646,0.422694,0.0686125
651,0.42955,0.0515625
656,0.434397,0.0458219
661,0.436297,0.0465781
666,0.439362,0.0472313
671,0.440044,0.06615
676,0.441972,0.0542531
681,0.444278,0.0481437
686,0.445328,0.048225
691,0.445272,0.0416062
696,0.441719,0.0513781
701,0.443806,0.0421062
706,0.444119,0.0348406
711,0.444925,0.0338375
716,0.445681,0.0357625
721,0.434584,0.0473688
726,0.437106,0.0296094
731,0.436409,0.0225875
736,0.435494,0.0169906
741,0.434516,0.0137094
746,0.430753,0.0277531
751,0.431631,0.0154156
756,0.431722,0.00812188
761,0.431463,0.009
766,0.430038,0.00845937
771,0.422231,0.0306469
776,0.423816,0.0147
781,0.425631,0.00709062
786,0.427438,0.00806875
791,0.429478,0.00997187
796,0.429753,0.02275
801,0.436941,0.0178219
806,0.439334,0.0178813
811,0.443012,0.0159469
816,0.452453,0.0149187
821,0.464116,0.0296344
826,0.469741,0.0169656
831,0.475378,0.0160125
836,0.472481,0.0103
841,0.472769,0.00772187
846,0.469816,0.0203969
851,0.469872,0.0113437
856,0.470272,0.00679687
861,0.470072,0.0062
866,0.471422,0.00719375
871,0.471428,0.0144844
876,0.473466,0.00895
881,0.468975,0.012075
886,0.472575,0.00668125
891,0.472606,0.00429375
896,0.474819,0.00425312
901,0.475938,0.00394062
906,0.469875,0.007475
911,0.472925,0.00445312
916,0.470372,0.00404375
921,0.467344,0.00289375
926,0.467131,0.00230625
931,0.466759,0.008125
936,0.466794,0.004225
941,0.471112,0.00785313
946,0.471444,0.00855937
951,0.471634,0.00737187
956,0.467716,0.0100781
961,0.468275,0.00641563
966,0.469041,0.00489688
971,0.471069,0.0062625
976,0.472881,0.00716875
981,0.468181,0.0118125
986,0.469872,0.0091375
991,0.470906,0.00556875
996,0.471212,0.0051875
1001,0.473003,0.00658437
1006,0.466875,0.0102469
1011,0.466053,0.0139031
1016,0.4673,0.0102469
1021,0.466834,0.00590625
1026,0.466175,0.00677188
1031,0.465125,0.0061625
1036,0.460994,0.0105844
1041,0.462959,0.00754687
1046,0.464766,0.00720937
1051,0.465913,0.00786562
1056,0.465406,0.00740312
1061,0.460222,0.0112812
1066,0.460916,0.0077
1071,0.460503,0.00553125
1076,0.462147,0.004975
1081,0.462697,0.00497187
1086,0.459731,0.0118625
1091,0.462691,0.00938438
1096,0.465272,0.00884375
1101,0.463556,0.00944062
1106,0.464075,0.00961562
1111,0.459509,0.0171719
1116,0.459156,0.0122719
1121,0.459119,0.00924375
1126,0.459356,0.0126531
1131,0.460591,0.0147125
1136,0.459462,0.0204438
1141,0.460394,0.0159656
1146,0.4606,0.0140719
1151,0.463222,0.0139312
1156,0.463484,0.0124844
1161,0.459306,0.0197
1166,0.45925,0.0156438
1171,0.458722,0.0117375
1176,0.460094,0.0106344
1181,0.460369,0.00940937
1186,0.4584,0.01585
1191,0.460213,0.0126281
1196,0.461097,0.0107937
1201,0.462166,0.00737187
1206,0.463137,0.0082
1211,0.459472,0.01325
1216,0.460081,0.0084125
1221,0.460522,0.0060625
1226,0.460938,0.00630312
1231,0.462075,0.0110031
1236,0.462547,0.0186187
1241,0.465166,0.0164906
1246,0.464712,0.0154344
1251,0.464303,0.0139437
1256,0.464519,0.0106187
1261,0.460516,0.0165281
1266,0.460194,0.0105562
1271,0.461406,0.00977813
1276,0.463809,0.011725
1281,0.465675,0.0130063
1286,0.465603,0.0153156
1291,0.468044,0.0126031
1296,0.467031,0.00995625
1301,0.468572,0.0093375
1306,0.465269,0.0095625
1311,0.454825,0.0166875
1316,0.455816,0.0111313
1321,0.455872,0.00944688
1326,0.456509,0.00724687
1331,0.457644,0.00540312
1336,0.457163,0.0145656
1341,0.461116,0.012475
1346,0.462697,0.0114719
1351,0.463587,0.0157219
1356,0.4655,0.0188875
1361,0.463062,0.0303531
1366,0.465425,0.0269938
1371,0.463022,0.0230375
1376,0.460884,0.021775
1381,0.457484,0.0204
1386,0.450728,0.0277031
1391,0.450781,0.0212687
1396,0.449553,0.0192531
1401,0.447559,0.0182406
1406,0.447678,0.0154219
1411,0.441316,0.0254656
1416,0.445003,0.0227688
1421,0.446341,0.0271094
1426,0.451103,0.0417031
1431,0.457706,0.0663406
1436,0.461228,0.0938281
1441,0.471103,0.112344
1446,0.476153,0.137506
1451,0.481091,0.165497
1456,0.481953,0.189072
1461,0.470928,0.209209
1466,0.472275,0.219866
1471,0.475306,0.305944
1476,0.475653,0.340122
1481,0.465681,0.340375
1486,0.456259,0.359063
1491,0.455219,0.338238
1496,0.459859,0.346572
1501,0.453178,0.356384
1506,0.445638,0.337519
1511,0.444475,0.329722
1516,0.430391,0.358797
1521,0.414956,0.330738
1526,0.400537,0.338866
1531,0.394619,0.351147
1536,0.389809,0.338772
1541,0.390037,0.320222
1546,0.382047,0.340194
1551,0.381784,0.359025
1556,0.376119,0.345181
1561,0.377028,0.369706
1566,0.386972,0.357203
1571,0.390344,0.369672
1576,0.386322,0.40425
1581,0.39565,0.40115
1586,0.391122,0.406847
1591,0.382097,0.404109
1596,0.364784,0.385937
1601,0.362453,0.392275
1606,0.370466,0.414797
1611,0.356722,0.401628
1616,0.352047,0.38235
1621,0.327922,0.377309
1626,0.314681,0.348775
1631,0.297913,0.338097
1636,0.282066,0.347231
1641,0.266734,0.311219
1646,0.255578,0.294597
1651,0.253441,0.288928
1656,0.257981,0.280488
1661,0.252853,0.287828
1666,0.265931,0.288112
1671,0.280534,0.301459
1676,0.296094,0.303678
1681,0.313734,0.329219
1686,0.328422,0.332284
1691,0.352031,0.324891
1696,0.377891,0.337584
1701,0.393475,0.326825
1706,0.395522,0.308434
1711,0.356403,0.307884
1716,0.339081,0.304522
1721,0.322281,0.299503
1726,0.321716,0.293494
1731,0.313216,0.266172
1736,0.281031,0.292125
1741,0.276728,0.266616
1746,0.273322,0.250616
1751,0.26135,0.297503
1756,0.25715,0.301013
1761,0.2446,0.26545
1766,0.236828,0.243084
1771,0.244059,0.237353
1776,0.23955,0.222291
1781,0.228125,0.204884
1786,0.214644,0.212088
1791,0.202253,0.179959
1796,0.184206,0.1625
1801,0.180156,0.179287
1806,0.17515,0.1716
1811,0.151341,0.196825
1816,0.132091,0.167009
1821,0.124241,0.167391
1826,0.126188,0.165303
1831,0.122719,0.169409
1836,0.120494,0.168331
1841,0.113722,0.144316
1846,0.110006,0.138069
1851,0.0978312,0.110934
1856,0.0887844,0.0998187
1861,0.0940688,0.119475
1866,0.0880875,0.102184
1871,0.106644,0.114325
1876,0.125988,0.127775
1881,0.165147,0.172781
1886,0.1836,0.231556
1891,0.218222,0.270906
1896,0.220981,0.298966
1901,0.246566,0.321641
1906,0.283547,0.348509
1911,0.274216,0.323537
1916,0.265219,0.301887
1921,0.248278,0.2724
1926,0.220112,0.226728
1931,0.204038,0.192253
1936,0.172162,0.173316
1941,0.156572,0.148544
1946,0.143119,0.134337
1951,0.121925,0.117584
1956,0.0917219,0.0861281
1961,0.0660188,0.0701469
1966,0.0445719,0.0454937
1971,0.0242531,0.0277344
1976,0.0126219,0.0152781
1981,0.0136719,0.014375
1986,0.0139156,0.0215063
1991,0.0137125,0.0166563
1996,0.0126781,0.0144563
2001,0.0203531,0.0233656
2006,0.081275,0.0887469
2011,0.0779781,0.176262
2016,0.0874375,0.227687
2021,0.0888125,0.243131
2026,0.110756,0.260078
2031,0.146341,0.256194
2036,0.147997,0.218181
2041,0.14165,0.175363
2046,0.14195,0.150759
2051,0.134859,0.155003
2056,0.103362,0.123306
2061,0.082675,0.105759
2066,0.0612437,0.0748344
2071,0.0418344,0.048425
2076,0.0260469,0.0266281
2081,0.0129938,0.0133781
2086,0.0118812,0.0134469
2091,0.010675,0.0113031
2096,0.0109125,0.0112406
2101,0.0254531,0.0313
2106,0.0498,0.0633969
2111,0.0731406,0.0923344
2116,0.106328,0.113162
2121,0.133544,0.113116
2126,0.153856,0.132775
2131,0.161256,0.163994
2136,0.166731,0.171209
2141,0.167316,0.1581
2146,0.167444,0.162291
2151,0.168381,0.160688
2156,0.175559,0.173809
2161,0.1799,0.166466
2166,0.156287,0.140338
2171,0.142781,0.122
2176,0.122466,0.101244
2181,0.0992719,0.0832656
2186,0.0803313,0.0730094
2191,0.0574187,0.0610281
2196,0.0351344,0.0412937
2201,0.0206094,0.0263656
2206,0.0132344,0.0170219
2211,0.00739687,0.0108344
2216,0.0049625,0.00632813
2221,0.00471875,0.005625
2226,0.00527187,0.00659688
2231,0.00577813,0.00731875
2236,0.00505625,0.00717188
2241,0.0064,0.0072875
2246,0.00726563,0.008725
2251,0.00751875,0.00979063
2256,0.00931875,0.0119
2261,0.0103125,0.0132812
2266,0.010875,0.0142156
2271,0.0270594,0.0440844
2276,0.0332219,0.0636625
2281,0.0418219,0.0734906
2286,0.0471969,0.0838719
2291,0.0514969,0.089975
2296,0.0531094,0.0890906
2301,0.0624094,0.0914375
2306,0.0666,0.092775
2311,0.0565187,0.0847187
2316,0.040925,0.0679969
2321,0.0354344,0.0600938
2326,0.030325,0.0518313
2331,0.0265656,0.0441563
2336,0.0200375,0.0331281
2341,0.0189813,0.0259969
2346,0.01635,0.0203156
2351,0.0137125,0.019625
2356,0.0100281,0.0197969
2361,0.00881563,0.0191281
2366,0.0132625,0.0257687
2371,0.0107094,0.0246906
2376,0.00850313,0.0176781
2381,0.00782813,0.0146469
2386,0.0291281,0.0406188
2391,0.04635,0.0831156
2396,0.0481813,0.109372
2401,0.0459469,0.103969
2406,0.0407187,0.0846719
2411,0.0396875,0.0709406
2416,0.0354812,0.0501344
2421,0.0268812,0.0326969
2426,0.0129625,0.0188656
2431,0.00565938,0.0122938
2436,0.0305844,0.0435813
2441,0.0376156,0.0508156
2446,0.0397812,0.0509812
2451,0.0387062,0.0542781
2456,0.0350344,0.0557219
2461,0.0454531,0.0589625
2466,0.0341438,0.0452094
2471,0.0184031,0.0297594
2476,0.0111125,0.0162625
2481,0.011425,0.0184125
2486,0.0130188,0.0230687
2491,0.0146125,0.0230813
2496,0.0154687,0.0236375
2501,0.0164094,0.0232875
2506,0.0164781,0.0235531
2511,0.0287,0.0383563
2516,0.0426469,0.070625
2521,0.0460062,0.0759781
2526,0.04845,0.0911187
2531,0.0508156,0.0927875
2536,0.04675,0.0943781
2541,0.0474562,0.0869438
2546,0.0487937,0.0793594
2551,0.0465531,0.0684625
2556,0.0394813,0.0514187
2561,0.0252188,0.0337594
2566,0.0103531,0.0186937
2571,0.00555312,0.00434688
2576,0.00550625,0.00241562
2581,0.00562813,0.00179062
2586,0.00544688,0.00334062
2591,0.00563125,0.00213125
2596,0.005675,0.00200937
2601,0.0056,0.00210312
2606,0.0056375,0.00167812
2611,0.00585,0.0025375
2616,0.00579687,0.00187188
2621,0.00585938,0.00215
2626,0.013775,0.0113594
2631,0.0324156,0.0408156
2636,0.0364969,0.0503094
2641,0.0594063,0.0887625
2646,0.0856281,0.146638
2651,0.0960687,0.208059
2656,0.103137,0.264597
2661,0.110559,0.250091
2666,0.100728,0.217166
2671,0.0876219,0.1989
2676,0.0791562,0.182756
2681,0.0768687,0.152762
2686,0.0728875,0.13115
2691,0.0677969,0.112638
2696,0.0574594,0.0942875
2701,0.0383844,0.0805531
2706,0.0267375,0.0564875
2711,0.0232094,0.0483406
2716,0.0248937,0.0479188
2721,0.0246906,0.0440969
2726,0.0243719,0.0435
2731,0.036225,0.0576438
2736,0.0472281,0.0743438
2741,0.0520625,0.0794094
2746,0.0516781,0.0799844
2751,0.0531063,0.0865469
2756,0.0541063,0.0852
2761,0.0553281,0.0919625
2766,0.0580906,0.0870594
2771,0.0598562,0.0832594
2776,0.0604063,0.0794437
2781,0.0599375,0.0773156
2786,0.0571125,0.0801687
2791,0.0555781,0.0724625
2796,0.0553375,0.0676281
2801,0.0573688,0.0614281
2806,0.0580156,0.0555
2811,0.0550563,0.0507
2816,0.0584937,0.0328562
2821,0.0592688,0.0239656
2826,0.0606312,0.0162594
2831,0.061275,0.0201687
2836,0.0597781,0.0323125
2841,0.0594812,0.0169812
2846,0.0596563,0.0124625
2851,0.0655469,0.0210469
2856,0.0741969,0.0372406
2861,0.0656781,0.0376875
2866,0.0608531,0.0193063
2871,0.0615781,0.0226594
2876,0.061625,0.0214438
2881,0.0622906,0.0194187
2886,0.0649594,0.0385969
2891,0.0680344,0.0338031
2896,0.0674,0.0269594
2901,0.067525,0.0267406
2906,0.0668875,0.025375
2911,0.0654375,0.0334156
2916,0.0664187,0.0282563
2921,0.0667187,0.0256625
2926,0.067725,0.0263781
2931,0.0687375,0.0290281
2936,0.0687531,0.0358969
2941,0.0725438,0.03615
2946,0.09065,0.0531875
2951,0.115481,0.0756375
2956,0.14,0.0950656
2961,0.164222,0.133484
2966,0.182256,0.146719
2971,0.199412,0.207584
2976,0.215859,0.243206
2981,0.228337,0.118922
2986,0.246344,0.223522
2991,0.265213,0.204934
2996,0.285366,0.129181
3001,0.297591,0.163391
3006,0.305891,0.176203
3011,0.314362,0.232128
3016,0.319387,0.234759
3021,0.326981,0.195284
3026,0.329728,0.182903
3031,0.324591,0.179841
3036,0.317322,0.198859
3041,0.313925,0.175281
3046,0.320912,0.153484
3051,0.318194,0.127081
3056,0.319294,0.108353
3061,0.325897,0.143266
3066,0.335816,0.116212
3071,0.339838,0.113047
3076,0.337316,0.124553
3081,0.334294,0.108078
3086,0.330259,0.125684
3091,0.339259,0.102353
3096,0.343922,0.086725
3101,0.344575,0.0776906
3106,0.339831,0.0716906
3111,0.332691,0.096325
3116,0.329584,0.0613969
3121,0.326831,0.0537906
3126,0.323319,0.0444531
3131,0.323284,0.0414844
3136,0.324797,0.0544094
3141,0.325784,0.0263594
3146,0.327828,0.0207062
3151,0.330066,0.0191625
3156,0.332584,0.0191562
3161,0.335069,0.0364563
3166,0.336684,0.0238781
3171,0.337403,0.0194156
3176,0.337509,0.0192844
3181,0.338578,0.0201531
3186,0.343181,0.0366563
3191,0.348156,0.0306156
3196,0.354822,0.0300188
3201,0.35815,0.0249031
3206,0.362122,0.020025
3211,0.363728,0.0299125
3216,0.364697,0.0186281
3221,0.365234,0.0129563
3226,0.367075,0.01
3231,0.368847,0.0098125
3236,0.362578,0.0224094
3241,0.364031,0.0100344
3246,0.363444,0.00709687
3251,0.364691,0.00734375
3256,0.365088,0.00536562
3261,0.367709,0.0137406
3266,0.370675,0.00705625
3271,0.372106,0.00784687
3276,0.372453,0.0110875
3281,0.371303,0.0123219
3286,0.365172,0.0192031
3291,0.365906,0.0140875
3296,0.366069,0.0116469
3301,0.366222,0.0117562
3306,0.367122,0.0126313
3311,0.361337,0.0171563
3316,0.360613,0.0121406
3321,0.358619,0.0105188
3326,0.358088,0.0123219
3331,0.359078,0.0122469
3336,0.356709,0.0170562
3341,0.358144,0.0129563
3346,0.359494,0.0127437
3351,0.360369,0.0121969
3356,0.362466,0.0127719
3361,0.360859,0.0187906
3366,0.360828,0.0159469
3371,0.359381,0.0117031
3376,0.359859,0.0112344
3381,0.360644,0.00744063
3386,0.360753,0.00844687
3391,0.361475,0.00873438
3396,0.361778,0.0134719
3401,0.362509,0.0149062
3406,0.366928,0.0157156
3411,0.367237,0.0172906
3416,0.366356,0.0117687
3421,0.367034,0.00793438
3426,0.367181,0.00658437
3431,0.367597,0.00444063
3436,0.372072,0.0114219
3441,0.372528,0.0068875
3446,0.372694,0.00772812
3451,0.373841,0.0106844
3456,0.375016,0.00898125
3461,0.375231,0.0118844
3466,0.375216,0.00850937
3471,0.372072,0.00448125
3476,0.369,0.00284062
3481,0.368447,0.00261562
3486,0.3651,0.0062375
3491,0.365384,0.0039125
3496,0.366166,0.00370625
3501,0.366762,0.00470312
3506,0.366359,0.00499063
3511,0.367588,0.00545
3516,0.368106,0.00320937
3521,0.368278,0.00175625
3526,0.367663,0.00161563
3531,0.367422,0.00163125
3536,0.364422,0.00404375
3541,0.364419,0.00280313
3546,0.36695,0.00392813
3551,0.37025,0.00515937
3556,0.371725,0.00480938
3561,0.370694,0.00615625
3566,0.370097,0.00502188
3571,0.371519,0.00605313
3576,0.37285,0.00433125
3581,0.374622,0.0037875
3586,0.375616,0.00351875
3591,0.376275,0.00366563
3596,0.369434,0.0061375
3601,0.367484,0.00328125
3606,0.367103,0.00309063
3611,0.367694,0.0047375
3616,0.370088,0.00764688
3621,0.371531,0.0164844
3626,0.371959,0.0132531
3631,0.3706,0.010275
3636,0.372653,0.0195031
3641,0.372544,0.0248531
3646,0.367834,0.0272125
3651,0.36835,0.0197063
3656,0.367522,0.0123594
3661,0.367963,0.00946875
3666,0.367997,0.0093
3671,0.365575,0.0132219
3676,0.365859,0.0120594
3681,0.367309,0.0133969
3686,0.369219,0.0145594
3691,0.37045,0.0109156
3696,0.369628,0.0133937
3701,0.368847,0.0284625
3706,0.369816,0.0362344
3711,0.370275,0.0384625
3716,0.371428,0.0342531
3721,0.370109,0.0363313
3726,0.371353,0.0312781
3731,0.371859,0.0255781
3736,0.371869,0.0246156
3741,0.37155,0.0244031
3746,0.369694,0.0262906
3751,0.368669,0.0236156
3756,0.368981,0.0182
3761,0.367831,0.0120062
3766,0.365978,0.0083125
3771,0.363334,0.0198531
3776,0.366356,0.0174594
3781,0.370534,0.0158438
3786,0.375206,0.0153906
3791,0.37835,0.0137594
3796,0.377941,0.0231531
3801,0.381256,0.0274906
3806,0.382859,0.0299219
3811,0.383931,0.0329156
3816,0.385453,0.0315875
3821,0.394919,0.0894313
3826,0.396969,0.0685875
3831,0.4001,0.0124844
3836,0.403672,0.0105156
3841,0.406356,0.0102437
3846,0.405881,0.0246656
3851,0.407637,0.0160687
3856,0.406894,0.0121281
3861,0.405156,0.0152719
3866,0.40455,0.0180406
3871,0.403694,0.0220438
3876,0.405728,0.016175
3881,0.405166,0.0162188
3886,0.4052,0.0161687
3891,0.406363,0.0156312
3896,0.400575,0.0291938
3901,0.401447,0.0260063
3906,0.409019,0.0181219
3911,0.410703,0.0124563
3916,0.410525,0.00992188
3921,0.407006,0.0144625
3926,0.408016,0.00935
3931,0.407091,0.00715937
3936,0.407709,0.00500625
3941,0.408803,0.00630625
3946,0.407894,0.0115063
3951,0.409981,0.00787188
3956,0.410809,0.00624062
3961,0.4104,0.00896875
3966,0.410691,0.00645312
3971,0.411625,0.0116469
3976,0.411791,0.00797813
3981,0.409825,0.0109812
3986,0.406781,0.0118125
3991,0.411934,0.00592813
3996,0.410075,0.00928437
4001,0.411316,0.00593438
4006,0.410662,0.00467187
4011,0.4103,0.003525
4016,0.410475,0.00487188
4021,0.408581,0.0134687
4026,0.4102,0.0152219
4031,0.410472,0.00972813
4036,0.410684,0.0061125
4041,0.4108,0.00578437
4046,0.408775,0.00908438
4051,0.409169,0.00432188
4056,0.410294,0.0027125
4061,0.409606,0.00425
4066,0.409381,0.00530625
4071,0.406938,0.0215125
4076,0.407416,0.0137094
4081,0.408166,0.0061125
4086,0.407684,0.00488437
4091,0.406731,0.00507187
4096,0.401263,0.01415
4101,0.402706,0.0133906
4106,0.404281,0.014525
4111,0.404509,0.0141719
4116,0.404147,0.0156469
4121,0.405478,0.0229594
4126,0.406575,0.0143938
4131,0.406091,0.0260312
4136,0.402813,0.0572937
4141,0.401953,0.0734031
4146,0.401462,0.0952781
4151,0.406853,0.0997625
4156,0.409319,0.0993813
4161,0.411003,0.102175
4166,0.412094,0.115944
4171,0.416469,0.136172
4176,0.426925,0.152863
4181,0.434628,0.16885
4186,0.436541,0.171775
4191,0.435434,0.182303
4196,0.425584,0.192056
4201,0.441984,0.2014
4206,0.450056,0.237172
4211,0.450341,0.297775
4216,0.450328,0.333213
4221,0.444284,0.35305
4226,0.435869,0.359709
4231,0.428106,0.339603
4236,0.416947,0.336875
4241,0.391828,0.370578
4246,0.363972,0.372169
4251,0.341406,0.368269
4256,0.346359,0.406584
4261,0.352041,0.405009
4266,0.355162,0.385422
4271,0.361734,0.392462
4276,0.365494,0.350972
4281,0.373175,0.349409
4286,0.38735,0.367366
4291,0.398756,0.3363
4296,0.393566,0.35455
4301,0.396763,0.357606
4306,0.392037,0.355003
4311,0.390591,0.352928
4316,0.401031,0.384263
4321,0.395756,0.406675
4326,0.390853,0.382597
4331,0.380362,0.394166
4336,0.372116,0.370841
4341,0.363559,0.365316
4346,0.356347,0.385937
4351,0.366122,0.373206
4356,0.369103,0.370475
4361,0.373287,0.370822
4366,0.376284,0.356431
4371,0.372444,0.351694
4376,0.383072,0.363956
4381,0.378722,0.360513
4386,0.372831,0.357266
4391,0.344522,0.350431
4396,0.322025,0.336441
4401,0.301084,0.313962
4406,0.284266,0.310809
4411,0.274594,0.304228
4416,0.266716,0.282034
4421,0.264497,0.276863
4426,0.262894,0.270619
4431,0.253909,0.283972
4436,0.256775,0.304847
4441,0.268103,0.3078
4446,0.275066,0.329631
4451,0.2956,0.338662
4456,0.286259,0.333347
4461,0.275478,0.334369
4466,0.247012,0.344822
4471,0.243072,0.339344
4476,0.247741,0.322613
4481,0.228437,0.320306
4486,0.219606,0.292337
4491,0.223769,0.291719
4496,0.228778,0.271781
4501,0.251934,0.258616
4506,0.287281,0.264491
4511,0.306337,0.283334
4516,0.3145,0.286356
4521,0.298266,0.277491
4526,0.304381,0.278975
4531,0.317178,0.284528
4536,0.295947,0.274203
4541,0.276853,0.264984
4546,0.264578,0.257581
4551,0.25095,0.254791
4556,0.238853,0.260822
4561,0.235928,0.255678
4566,0.238519,0.252894
4571,0.243572,0.259547
4576,0.241194,0.253025
4581,0.229672,0.241444
4586,0.232828,0.246806
4591,0.235544,0.225909
4596,0.234588,0.229316
4601,0.227209,0.223912
4606,0.219078,0.21405
4611,0.212884,0.207878
4616,0.199844,0.192903
4621,0.188866,0.181688
4626,0.179691,0.173006
4631,0.182609,0.188244
4636,0.178737,0.186087
4641,0.1809,0.178744
4646,0.188794,0.192294
4651,0.198181,0.205472
4656,0.198687,0.208816
4661,0.187925,0.206603
4666,0.177537,0.193116
4671,0.159784,0.180284
4676,0.139428,0.170563
4681,0.12775,0.158219
4686,0.140666,0.166131
4691,0.160831,0.190806
4696,0.155572,0.181634
4701,0.149491,0.176512
4706,0.154278,0.184716
4711,0.163434,0.191222
4716,0.182181,0.206434
4721,0.194516,0.221897
4726,0.200697,0.222763
4731,0.2024,0.213931
4736,0.19235,0.20645
4741,0.187428,0.188372
4746,0.172747,0.167681
4751,0.153869,0.143044
4756,0.126572,0.127097
4761,0.105559,0.115494
4766,0.0906125,0.0988563
4771,0.0781281,0.0862813
4776,0.0641313,0.0620563
4781,0.0442875,0.0460375
4786,0.0297406,0.02865
4791,0.0125938,0.0153437
4796,0.00618437,0.0184781
4801,0.00275312,0.006175
4806,0.00293125,0.00389688
4811,0.0034,0.0050375
4816,0.00330313,0.00584063
4821,0.00338125,0.0114813
4826,0.00366563,0.00782188
4831,0.0036625,0.00516875
4836,0.00466562,0.0108125
4841,0.0050125,0.00919688
4846,0.00553438,0.0085875
4851,0.00519375,0.00732188
4856,0.00553125,0.00682187
4861,0.00494062,0.0086375
4866,0.00479687,0.00705
4871,0.00490937,0.0061125
4876,0.00515312,0.00622187
4881,0.00520937,0.00633125
4886,0.00530937,0.00706875
4891,0.00520313,0.00676875
4896,0.00499687,0.0059
4901,0.0101563,0.012425
4906,0.0160344,0.0213531
4911,0.0139625,0.0198281
4916,0.008425,0.0132812
4921,0.0269625,0.0353687
4926,0.0316813,0.0398906
4931,0.0590562,0.0750781
4936,0.0621031,0.0910875
4941,0.062125,0.0975875
4946,0.0700625,0.0955594
4951,0.0617125,0.087025
4956,0.0530344,0.0758375
4961,0.0463906,0.0690031
4966,0.0397031,0.0482656
4971,0.0473063,0.05405
4976,0.0448812,0.0723469
4981,0.0370156,0.0795656
4986,0.039925,0.079175
4991,0.0399094,0.0756594
4996,0.0418844,0.0711312
5001,0.0431969,0.0666531
5006,0.0428062,0.0583844
5011,0.0367281,0.0558937
5016,0.0213469,0.0363031
5021,0.0109594,0.0197719
5026,0.0104531,0.0159875
5031,0.00639375,0.0107281
5036,0.006925,0.0120781
5041,0.00772812,0.01195
5046,0.0173906,0.022175
5051,0.0510437,0.068075
5056,0.0957531,0.130084
5061,0.126625,0.172528
5066,0.143909,0.192356
5071,0.169431,0.237794
5076,0.174359,0.2737
5081,0.180872,0.265834
5086,0.180656,0.230516
5091,0.179666,0.213034
5096,0.167513,0.212375
5101,0.143434,0.185531
5106,0.114941,0.141197
5111,0.0763156,0.0981313
5116,0.0418437,0.0599031
5121,0.0190719,0.0350844
5126,0.00309687,0.0110094
5131,0.00161875,0.00679062
5136,0.00129688,0.00758125
5141,0.00033125,0.00194688
5146,0.000334375,0.00122188
5151,0.00029375,0.00131562
5156,0.000303125,0.00124062
5161,0.00025,0.00191875
5166,0.000253125,0.00129688
5171,0.000271875,0.00117812
5176,0.0002875,0.0011375
5181,0.000146875,0.00160625
5186,0.000153125,0.0019125
5191,0.000153125,0.0014625
5196,0,0.00221875
5201,0,0.00163437
5206,0,0.001275
5211,0,0.00125312
5216,0,0.00122188
5221,3.125e-06,0.0020375
5226,6.25e-05,0.00144063
5231,0.00015625,0.00124062
5236,0.000184375,0.00119688
5241,0.000190625,0.00115625
5246,0.000196875,0.001725
5251,0.0002,0.00137188
5256,0.00019375,0.0012625
5261,0.0219656,0.026475
5266,0.0329344,0.0516594
5271,0.0342344,0.0693719
5276,0.0361906,0.0788313
5281,0.0370781,0.0834281
5286,0.0389094,0.0838312
5291,0.05485,0.109056
5296,0.0764531,0.160931
5301,0.0937906,0.193691
5306,0.107428,0.211031
5311,0.11225,0.191497
5316,0.111106,0.159653
5321,0.0988344,0.174534
5326,0.0916156,0.147456
5331,0.09475,0.119603
5336,0.099925,0.130469
5341,0.101153,0.111559
5346,0.104581,0.110609
5351,0.106425,0.103219
5356,0.120959,0.117684
5361,0.130578,0.137766
5366,0.132981,0.135219
5371,0.135916,0.134322
5376,0.137747,0.1156
5381,0.137425,0.112375
5386,0.140225,0.108053
5391,0.161331,0.130194
5396,0.167541,0.158537
5401,0.165116,0.132128
5406,0.163659,0.113491
5411,0.162516,0.0993813
5416,0.162534,0.083025
5421,0.179537,0.105178
5426,0.192656,0.100228
5431,0.203644,0.10155
5436,0.219144,0.130919
5441,0.237675,0.163234
5446,0.243369,0.212753
5451,0.242806,0.200859
5456,0.239556,0.19965
5461,0.2363,0.185709
5466,0.230134,0.174044
5471,0.21915,0.182363
5476,0.216222,0.149719
5481,0.233369,0.148925
5486,0.260984,0.155934
5491,0.284269,0.138331
5496,0.307869,0.161578
5501,0.320978,0.133525
5506,0.324047,0.117087
5511,0.319403,0.105203
5516,0.306828,0.0942937
5521,0.290587,0.129753
5526,0.296613,0.102834
5531,0.302956,0.101456
5536,0.307063,0.108716
5541,0.312544,0.101622
5546,0.311659,0.137681
5551,0.316222,0.092075
5556,0.323984,0.0660188
5561,0.332956,0.0662969
5566,0.343372,0.0687688
5571,0.351053,0.106088
5576,0.364191,0.0954625
5581,0.373481,0.08985
5586,0.368994,0.0921875
5591,0.366059,0.0980188
5596,0.363053,0.127941
5601,0.354203,0.0925813
5606,0.348781,0.0654437
5611,0.353172,0.0633
5616,0.357938,0.0622531
5621,0.358397,0.0984344
5626,0.364622,0.07375
5631,0.369506,0.0546344
5636,0.373891,0.050375
5641,0.377241,0.0390719
5646,0.387347,0.0969594
5651,0.389844,0.0648094
5656,0.386075,0.0393625
5661,0.386509,0.0372406
5666,0.389772,0.0331656
5671,0.388344,0.0680594
5676,0.392469,0.0380406
5681,0.393091,0.02255
5686,0.395866,0.0210688
5691,0.396703,0.0209406
5696,0.391066,0.0410937
5701,0.396322,0.0265594
5706,0.4026,0.0155844
5711,0.409019,0.0136594
5716,0.418137,0.014675
5721,0.427766,0.0622813
5726,0.427422,0.0290844
5731,0.427509,0.00690313
